148  77  113  97  120  118  89  170  50  106  50  148  96  165  64  73  87  79  47  108  186  176  47  13  135  56  85  138  134  66  104  78  140  72  149  
175  131  123  98  168  102  87  105  147  77  124  82  165  127  97  106  87  132  129  70  155  47  122  78  72  112  105  175  36  128  56  98  158  59  63  
93  44  69  85  127  159  139  99  151  87  33  86  106  42  94  83  70  105  89  30  158  95  119  80  77  53  117  66  127  80  20  130  79  44  109  
94  137  125  56  41  72  131  35  95  36  58  63  70  139  136  40  198  54  117  125  117  117  97  78  123  78  157  135  133  83  100  25  88  164  72  
110  89  81  89  112  112  112  109  21  128  132  85  110  42  112  33  43  111  50  78  144  79  168  97  29  99  68  158  121  106  135  112  167  81  47  
97  139  164  57  58  4  91  150  138  183  141  42  99  26  45  4  120  46  75  129  134  98  134  84  60  36  140  136  86  46  81  89  94  159  24  
93  91  90  151  70  68  110  104  102  102  72  130  61  141  62  101  129  7  152  106  82  102  48  97  68  102  108  137  129  106  161  121  137  45  33  
94  168  83  177  78  50  99  136  70  145  108  105  147  98  102  91  126  61  80  103  150  95  70  6  137  166  76  162  156  67  11  129  52  81  102  
46  144  170  174  66  142  86  136  137  124  133  59  91  10  107  23  127  105  92  100  119  153  88  38  61  42  166  126  101  136  80  16  19  66  41  
86  71  27  133  97  84  86  59  119  88  131  113  35  79  76  123  67  57  38  77  58  44  30  57  52  123  108  138  91  88  46  107  87  69  132  
12  89  70  154  149  104  160  114  181  79  148  54  110  113  103  141  135  113  17  100  48  53  88  90  99  102  139  179  163  142  106  70  136  112  94  
121  97  102  81  119  29  77  29  130  47  89  161  64  74  119  113  167  118  68  51  129  57  140  25  79  41  137  151  49  87  73  157  146  137  129  
114  91  128  132  132  130  81  30  174  45  113  37  189  126  86  96  149  58  143  100  134  120  111  119  65  174  91  40  121  147  112  61  82  166  108  
139  40  36  55  162  161  113  94  161  103  96  157  79  104  107  45  133  167  191  174  12  95  123  123  29  90  88  160  158  35  52  52  130  140  146  
125  26  53  173  59  184  111  91  92  156  83  82  84  113  131  130  120  45  107  112  149  51  116  126  95  69  16  37  125  93  120  101  98  144  174  
124  126  129  61  118  185  98  145  53  99  25  105  140  35  116  93  85  76  96  21  73  113  71  142  81  62  121  148  36  94  96  139  145  69  162  
121  12  63  61  79  72  48  134  61  95  162  137  89  107  124  100  28  104  114  58  67  70  95  61  64  96  181  82  40  150  120  156  89  82  121  
54  105  175  95  151  114  126  58  98  113  81  122  147  108  45  79  110  117  77  109  167  83  97  37  93  81  107  97  18  103  52  107  112  2  71  
162  88  124  54  73  123  93  38  68  100  142  83  68  73  85  156  47  35  134  118  195  68  80  47  104  74  69  104  49  89  153  82  146  90  94  
139  41  177  90  80  20  60  47  120  85  123  95  137  98  97  92  57  85  58  88  91  103  70  90  162  51  117  30  142  123  118  92  82  161  91  
154  56  139  101  57  25  134  171  70  168  87  91  177  69  34  176  122  97  73  39  60  51  108  60  86  104  173  49  143  39  77  54  68  112  157  
92  133  76  29  80  56  20  92  157  79  166  99  124  101  93  171  74  70  27  59  23  168  103  170  105  98  11  29  68  81  106  147  94  100  144  
75  63  139  112  133  52  139  103  124  89  134  150  170  130  76  72  158  64  26  76  155  120  88  105  130  49  39  42  121  63  30  98  86  81  174  
148  133  163  91  171  97  140  130  95  121  122  96  116  117  51  115  126  115  80  156  107  79  130  62  175  139  91  14  130  114  100  58  100  60  155  
97  196  132  92  149  84  86  136  133  32  95  162  67  52  118  50  139  58  114  75  90  77  155  20  189  115  70  39  107  112  19  131  114  102  100  
37  64  163  83  93  59  105  94  95  97  34  44  101  152  155  140  158  139  45  85  145  45  113  95  166  98  129  47  140  57  95  108  69  98  125  
69  50  23  167  146  181  94  143  180  111  120  139  188  169  142  85  184  106  123  125  102  85  63  124  173  24  41  150  119  88  157  112  90  23  84  
142  50  94  78  98  94  133  94  137  78  133  129  109  146  78  90  49  180  106  147  34  80  22  122  161  13  163  74  116  42  178  106  90  139  24  
99  116  112  133  112  155  105  95  40  73  99  123  104  158  70  143  90  77  112  148  130  133  72  94  123  109  143  45  43  158  105  78  92  103  87  
151  136  67  66  17  156  161  69  128  145  145  141  34  60  142  128  98  65  94  173  154  57  150  81  58  50  79  132  61  51  45  127  49  108  66  
120  122  41  71  94  87  106  62  171  97  34  131  98  62  94  114  109  124  141  166  63  114  107  152  73  90  130  91  115  90  71  150  123  58  77  
66  177  139  89  91  53  91  35  54  81  179  118  70  36  91  155  31  32  157  10  181  97  128  147  87  82  109  104  144  100  110  67  107  119  97  
183  134  40  99  49  87  78  86  123  112  107  70  56  176  128  99  58  103  154  59  82  76  93  39  93  71  95  74  145  115  180  42  116  127  126  
185  101  94  136  105  53  54  99  109  119  114  160  96  64  93  47  175  114  125  119  75  71  32  117  104  70  113  21  84  109  84  80  33  145  57  
112  88  170  72  116  189  109  59  84  34  81  162  93  45  66  15  65  104  135  191  197  141  62  99  69  70  58  17  145  161  55  27  111  73  21  
