35

63  11  25  38  73  45  61  78  18  80  22  75  96  84  27  39  55  67  18  73  98  91  36  1  69  14  11  72  74  58  14  76  76  27  53  
76  56  100  27  89  75  57  11  50  67  36  82  91  100  63  29  78  65  93  35  55  7  82  6  61  55  18  97  2  28  1  59  62  49  24  
5  22  43  73  68  64  73  1  82  59  16  18  74  4  25  48  30  8  36  30  88  49  62  14  10  26  64  17  70  22  3  60  38  39  73  
24  91  92  14  7  23  77  18  19  8  3  56  57  41  54  29  99  13  19  53  52  76  46  9  67  75  66  81  72  19  34  20  59  93  53  
86  54  45  30  42  24  63  47  4  47  60  48  96  24  23  0  35  42  21  41  79  59  95  37  18  16  17  63  50  46  52  76  94  47  25  
40  46  80  48  13  0  51  50  47  93  74  38  58  22  10  0  32  26  16  53  99  12  93  56  17  26  45  66  0  17  66  49  28  78  22  
22  35  68  56  46  49  66  80  92  70  52  52  44  76  1  44  35  6  60  13  71  49  8  84  29  75  64  80  82  11  86  66  97  32  33  
91  96  12  91  5  43  41  85  60  53  38  73  69  92  2  3  67  52  25  54  91  29  2  0  73  83  14  94  90  42  11  73  3  14  86  
35  82  83  78  13  88  1  100  73  87  80  7  55  8  58  5  95  94  66  86  47  99  6  22  51  38  92  45  15  40  62  14  12  0  38  
7  59  14  53  6  38  33  2  100  20  39  20  23  50  69  43  35  12  31  27  36  36  23  20  10  67  73  57  1  69  9  97  75  24  96  
12  7  68  87  93  76  100  37  95  23  95  3  78  87  30  98  58  38  12  13  8  45  54  21  87  5  70  83  90  51  34  31  61  31  33  
30  91  18  29  33  6  30  12  47  19  71  68  29  34  26  47  67  22  66  35  42  12  100  19  11  19  44  98  32  26  58  89  82  50  50  
59  88  66  81  37  68  61  2  83  39  73  25  94  65  74  2  56  56  84  8  96  95  17  61  35  87  29  39  23  56  26  59  38  93  77  
67  28  28  14  63  88  22  9  78  92  17  72  67  29  60  41  76  71  98  89  2  35  43  64  16  41  6  72  80  19  50  4  43  72  82  
100  16  13  84  11  99  55  54  17  71  48  6  32  83  37  84  85  30  42  78  58  45  24  99  66  39  14  31  36  30  26  65  53  63  88  
51  93  73  38  81  98  20  76  44  88  4  19  53  9  43  78  37  54  84  11  45  43  55  94  78  31  70  83  5  34  67  58  83  29  85  
47  4  21  3  59  47  22  57  32  78  90  58  17  15  31  26  10  91  44  44  58  55  22  21  44  19  99  32  11  65  21  60  28  7  47  
37  32  77  83  80  35  97  35  82  49  52  74  54  79  17  6  66  72  56  83  79  26  76  36  91  7  77  55  5  78  45  49  22  0  56  
75  33  53  13  42  28  30  2  52  6  86  48  24  69  75  96  8  5  70  44  96  9  27  43  19  58  61  84  39  15  68  38  51  34  58  
73  35  90  0  51  3  1  4  46  84  53  35  91  43  1  69  54  17  9  48  69  73  52  4  81  35  77  28  65  49  68  42  14  80  83  
81  17  91  47  34  5  73  77  49  79  64  36  81  1  28  94  64  92  33  3  14  16  26  51  7  75  99  23  82  29  56  12  22  13  76  
65  49  39  29  49  2  4  19  60  70  92  31  53  12  42  71  22  50  23  56  21  83  55  85  16  2  4  29  42  49  9  96  69  84  82  
1  34  59  59  37  35  77  16  40  9  60  71  98  96  40  23  73  44  21  72  77  68  9  6  64  44  21  14  97  9  11  98  35  40  94  
67  97  76  51  90  0  83  71  5  86  59  47  86  67  49  39  80  60  34  85  25  79  61  19  84  41  77  9  38  85  45  49  51  36  90  
13  100  52  9  77  26  0  55  61  32  4  64  23  41  98  17  45  22  43  53  54  36  81  20  96  46  44  15  92  68  15  56  50  27  13  
31  30  81  53  14  16  90  52  84  49  34  16  41  74  97  96  91  40  30  5  49  22  71  10  73  16  86  9  49  40  65  23  63  85  81  
33  42  16  82  46  99  6  90  97  13  46  88  88  72  96  17  85  64  79  84  40  25  63  72  88  18  16  78  46  8  69  20  42  11  19  
42  37  69  32  73  70  60  87  80  22  49  32  32  49  13  81  22  89  71  51  10  0  12  51  79  1  66  41  88  41  81  61  71  39  12  
24  41  25  54  76  59  70  81  9  43  66  64  18  77  68  64  57  42  63  95  68  79  24  45  40  68  96  39  27  84  11  62  40  54  82  
74  67  32  7  5  76  62  15  84  57  57  55  15  47  68  39  44  43  30  99  96  6  78  13  7  18  36  44  57  4  2  49  21  96  14  
69  58  25  62  65  81  70  22  94  65  4  54  33  13  17  20  58  51  98  66  11  77  87  79  6  89  56  39  24  51  49  64  34  47  61  
60  96  58  78  9  50  31  2  30  13  91  33  70  0  72  97  9  6  61  4  97  22  67  50  83  6  81  66  65  12  36  27  76  22  47  
94  93  8  14  2  31  23  37  68  54  14  2  39  92  55  7  29  89  62  9  49  59  20  1  61  25  49  62  69  76  84  0  92  47  87  
94  87  37  57  66  41  35  95  90  65  58  93  19  19  78  7  96  82  57  91  14  52  3  80  72  4  21  1  64  79  82  34  22  90  35  
31  72  76  11  51  98  54  7  4  9  10  62  85  13  24  6  53  39  94  93  99  96  52  94  4  14  36  12  71  67  22  2  45  51  8  

85  66  88  59  47  73  28  92  32  26  28  73  0  81  37  34  32  12  29  35  88  85  11  12  66  42  74  66  60  8  90  2  64  45  96  
99  75  23  71  79  27  30  94  97  10  88  0  74  27  34  77  9  67  36  35  100  40  40  72  11  57  87  78  34  100  55  39  96  10  39  
88  22  26  12  59  95  66  98  69  28  17  68  32  38  69  35  40  97  53  0  70  46  57  66  67  27  53  49  57  58  17  70  41  5  36  
70  46  33  42  34  49  54  17  76  28  55  7  13  98  82  11  99  41  98  72  65  41  51  69  56  3  91  54  61  64  66  5  29  71  19  
24  35  36  59  70  88  49  62  17  81  72  37  14  18  89  33  8  69  29  37  65  20  73  60  11  83  51  95  71  60  83  36  73  34  22  
57  93  84  9  45  4  40  100  91  90  67  4  41  4  35  4  88  20  59  76  35  86  41  28  43  10  95  70  86  29  15  40  66  81  2  
71  56  22  95  24  19  44  24  10  32  20  78  17  65  61  57  94  1  92  93  11  53  40  13  39  27  44  57  47  95  75  55  40  13  0  
3  72  71  86  73  7  58  51  10  92  70  32  78  6  100  88  59  9  55  49  59  66  68  6  64  83  62  68  66  25  0  56  49  67  16  
11  62  87  96  53  54  85  36  64  37  53  52  36  2  49  18  32  11  26  14  72  54  82  16  10  4  74  81  86  96  18  2  7  66  3  
79  12  13  80  91  46  53  57  19  68  92  93  12  29  7  80  32  45  7  50  22  8  7  37  42  56  35  81  90  19  37  10  12  45  36  
0  82  2  67  56  28  60  77  86  56  53  51  32  26  73  43  77  75  5  87  40  8  34  69  12  97  69  96  73  91  72  39  75  81  61  
91  6  84  52  86  23  47  17  83  28  18  93  35  40  93  66  100  96  2  16  87  45  40  6  68  22  93  53  17  61  15  68  64  87  79  
55  3  62  51  95  62  20  28  91  6  40  12  95  61  12  94  93  2  59  92  38  25  94  58  30  87  62  1  98  91  86  2  44  73  31  
72  12  8  41  99  73  91  85  83  11  79  85  12  75  47  4  57  96  93  85  10  60  80  59  13  49  82  88  78  16  2  48  87  68  64  
25  10  40  89  48  85  56  37  75  85  35  76  52  30  94  46  35  15  65  34  91  6  92  27  29  30  2  6  89  63  94  36  45  81  86  
73  33  56  23  37  87  78  69  9  11  21  86  87  26  73  15  48  22  12  10  28  70  16  48  3  31  51  65  31  60  29  81  62  40  77  
74  8  42  58  20  25  26  77  29  17  72  79  72  92  93  74  18  13  70  14  9  15  73  40  20  77  82  50  29  85  99  96  61  75  74  
17  73  98  12  71  79  29  23  16  64  29  48  93  29  28  73  44  45  21  26  88  57  21  1  2  74  30  42  13  25  7  58  90  2  15  
87  55  71  41  31  95  63  36  16  94  56  35  44  4  10  60  39  30  64  74  99  59  53  4  85  16  8  20  10  74  85  44  95  56  36  
66  6  87  90  29  17  59  43  74  1  70  60  46  55  96  23  3  68  49  40  22  30  18  86  81  16  40  2  77  74  50  50  68  81  8  
73  39  48  54  23  20  61  94  21  89  23  55  96  68  6  82  58  5  40  36  46  35  82  9  79  29  74  26  61  10  21  42  46  99  81  
27  84  37  0  31  54  16  73  97  9  74  68  71  89  51  100  52  20  4  3  2  85  48  85  89  96  7  0  26  32  97  51  25  16  62  
74  29  80  53  96  17  62  87  84  80  74  79  72  34  36  49  85  20  5  4  78  52  79  99  66  5  18  28  24  54  19  0  51  41  80  
81  36  87  40  81  97  57  59  90  35  63  49  30  50  2  76  46  55  46  71  82  0  69  43  91  98  14  5  92  29  55  9  49  24  65  
84  96  80  83  72  58  86  81  72  0  91  98  44  11  20  33  94  36  71  22  36  41  74  0  93  69  26  24  15  44  4  75  64  75  87  
6  34  82  30  79  43  15  42  11  48  0  28  60  78  58  44  67  99  15  80  96  23  42  85  93  82  43  38  91  17  30  85  6  13  44  
36  8  7  85  100  82  88  53  83  98  74  51  100  97  46  68  99  42  44  41  62  60  0  52  85  6  25  72  73  80  88  92  48  12  65  
100  13  25  46  25  24  73  7  57  56  84  97  77  97  65  9  27  91  35  96  24  80  10  71  82  12  97  33  28  1  97  45  19  100  12  
75  75  87  79  36  96  35  14  31  30  33  59  86  81  2  79  33  35  49  53  62  54  48  49  83  41  47  6  16  74  94  16  52  49  5  
77  69  35  59  12  80  99  54  44  88  88  86  19  13  74  89  54  22  64  74  58  51  72  68  51  32  43  88  4  47  43  78  28  12  52  
51  64  16  9  29  6  36  40  77  32  30  77  65  49  77  94  51  73  43  100  52  37  20  73  67  1  74  52  91  39  22  86  89  11  16  
6  81  81  11  82  3  60  33  24  68  88  85  0  36  19  58  22  26  96  6  84  75  61  97  4  76  28  38  79  88  74  40  31  97  50  
89  41  32  85  47  56  55  49  55  58  93  68  17  84  73  92  29  14  92  50  33  17  73  38  32  46  46  12  76  39  96  42  24  80  39  
91  14  57  79  39  12  19  4  19  54  56  67  77  45  15  40  79  32  68  28  61  19  29  37  32  66  92  20  20  30  2  46  11  55  22  
81  16  94  61  65  91  55  52  80  25  71  100  8  32  42  9  12  65  41  98  98  45  10  5  65  56  22  5  74  94  33  25  66  22  13  
